1) 74, 156
2) 73, 282
3) 160, 204
4) 253, 80
5) 232, 212
6) 67, 401
7) 155, 435
8) 258, 293
9) 108, 482
10) 208, 494
11) 183, 585
12) 365, 599
13) 249, 611
14) 297, 686
15) 284, 396
16) 311, 491
17) 356, 370
18) 353, 168
19) 439, 80
20) 384, 324
21) 330, 299
22) 403, 281
23) 448, 236
24) 383, 463
25) 386, 549
26) 426, 488
27) 430, 351
28) 493, 395
29) 500, 314
30) 439, 620
31) 546, 556
32) 534, 150
33) 613, 81
34) 544, 268
35) 630, 233
36) 564, 358
37) 743, 123
38) 847, 125
39) 757, 206
40) 898, 190
41) 730, 299
42) 808, 270
43) 816, 323
44) 899, 383
45) 590, 460
46) 658, 375
47) 751, 422
48) 683, 508
49) 832, 588
50) 833, 483
51) 795, 694
52) 647, 613
